3.799999999999999822e+00 8.750000000000000000e+00 0.000000000000000000e+00
4.096985582389080172e+00 8.709770569444689414e+00 -1.795195802051310352e-01
4.382015242089418727e+00 8.617158818997486591e+00 -3.590391604102620704e-01
4.645927891315062119e+00 8.475141366518966990e+00 -5.385587406153931056e-01
4.880241160371846298e+00 8.288282769784139248e+00 -7.180783208205241408e-01
5.087559955067905371e+00 8.071444310635921937e+00 -8.078381109230896584e-01
5.304180072316476924e+00 7.864334272170856011e+00 -7.180783208205241408e-01
5.286629375363219197e+00 7.844245883141774733e+00 -5.385587406153931056e-01
5.616748284564999416e+00 7.769799063768000558e+00 -6.283185307179586232e-01
5.859453382877483740e+00 7.593463488080257839e+00 -6.283185307179586232e-01
5.874282922645559957e+00 7.615929280546228419e+00 -5.385587406153931056e-01
6.095325135006426365e+00 7.454798530960332847e+00 -3.590391604102620704e-01
6.398946592884450446e+00 7.333657251121903364e+00 -4.487989505128275880e-01
6.625326654926684711e+00 7.169715612978934338e+00 -4.487989505128275880e-01
6.895617315297410954e+00 7.039550491243667274e+00 -4.487989505128275880e-01
6.906197116118605095e+00 7.064303165754531655e+00 -3.590391604102620704e-01
7.193091083102181038e+00 6.985237767444302470e+00 -1.795195802051310352e-01
7.491883371300752437e+00 6.958345974773272324e+00 -8.975979010256551760e-02
7.762777887572193336e+00 6.841626749373520333e+00 0.000000000000000000e+00
8.061570175770764735e+00 6.868518542044550479e+00 8.975979010256551760e-02
8.056768460775856511e+00 6.894978172544036887e+00 2.692793703076965528e-01
8.331184832234178828e+00 6.882280539450598589e+00 3.590391604102620704e-01
8.070300679614774708e+00 6.596872908937844393e+00 5.385587406153931056e-01
7.926763520173711441e+00 6.672478490852563837e+00 7.180783208205241408e-01
7.649384343752345217e+00 6.419897929218372212e+00 8.975979010256551760e-01
7.637830095905479233e+00 6.426801270938687694e+00 1.077117481230786211e+00
7.500780773229904774e+00 6.087851798323337782e+00 1.077117481230786211e+00
7.660653853629974641e+00 6.012200089789941693e+00 1.256637061435917246e+00
7.749665021431724199e+00 6.084913247052074148e+00 1.346396851538482764e+00
7.696151891465628836e+00 5.790031595959610478e+00 1.346396851538482764e+00
7.977297063156942869e+00 6.024693445498948030e+00 1.256637061435917246e+00
8.040090671675098832e+00 6.103390589581997538e+00 1.436156641641048282e+00
8.063011239487281046e+00 6.375070537124174486e+00 1.525916431743613799e+00
8.000039373812615651e+00 6.722074118007658861e+00 1.525916431743613799e+00
8.051940984184874139e+00 7.021706123615701678e+00 1.525916431743613799e+00
8.031825553507053073e+00 7.295723283916347945e+00 1.525916431743613799e+00
8.123359339950177116e+00 6.938325625393869878e+00 1.705436011948744834e+00
8.110384930887381216e+00 6.934744916010870064e+00 1.884955592153875870e+00
8.236247898994704997e+00 6.768733303860162032e+00 2.064475172359006905e+00
8.412405916491330515e+00 6.526272593431762026e+00 2.243994752564137940e+00
8.402269989422110896e+00 6.517417100635666038e+00 2.333754542666703458e+00
8.779895222131365529e+00 6.405674217760190636e+00 2.513274122871834493e+00
9.030015090327887961e+00 6.240571538305433208e+00 2.513274122871834493e+00
9.305134313855390360e+00 6.024847767813583665e+00 2.333754542666703458e+00
9.480819399347614862e+00 5.749224026609410565e+00 2.333754542666703458e+00
9.697912448600588320e+00 5.575277018920117733e+00 2.154234962461572422e+00
9.827946502719626665e+00 5.305258523258888914e+00 1.974715382256441387e+00
9.933252806623958264e+00 5.024670879931897538e+00 1.974715382256441387e+00
1.010486005959615774e+01 4.790666907043028999e+00 1.795195802051310352e+00
1.013172477402138405e+01 4.492175482796641361e+00 1.615676221846179317e+00
1.011826532491622821e+01 4.192477562834246996e+00 1.525916431743613799e+00
1.010480587581107237e+01 3.892779642871852630e+00 1.525916431743613799e+00
1.009134642670591653e+01 3.593081722909458264e+00 1.525916431743613799e+00
1.007788697760076069e+01 3.293383802947063899e+00 1.525916431743613799e+00
1.006442752849560485e+01 2.993685882984669533e+00 1.525916431743613799e+00
1.005096807939044901e+01 2.693987963022275167e+00 1.525916431743613799e+00
1.003750863028529317e+01 2.394290043059880801e+00 1.525916431743613799e+00
1.002404918118013732e+01 2.094592123097486436e+00 1.525916431743613799e+00
1.001058973207498148e+01 1.794894203135092070e+00 1.525916431743613799e+00
9.997130282969825643e+00 1.495196283172697704e+00 1.525916431743613799e+00
9.983670833864669802e+00 1.195498363210303339e+00 1.525916431743613799e+00
9.970211384759513962e+00 8.958004432479089729e-01 1.525916431743613799e+00
